51 : 664, 665, 666, 667, 668, 
52 : 656, 657, 658, 659, 660, 661, 662, 669, 
53 : 650, 651, 652, 653, 654, 655, 669, 670, 
54 : 647, 648, 649, 650, 670, 
55 : 645, 646, 671, 
56 : 641, 642, 643, 644, 672, 
57 : 637, 638, 639, 640, 673, 
58 : 635, 636, 637, 673, 674, 
59 : 632, 633, 634, 674, 
60 : 629, 630, 631, 675, 
61 : 627, 628, 676, 
62 : 623, 624, 625, 626, 676, 
63 : 621, 622, 677, 
64 : 617, 618, 619, 620, 678, 
65 : 613, 614, 615, 616, 679, 
66 : 612, 613, 679, 680, 
67 : 609, 610, 680, 
68 : 607, 608, 681, 
69 : 604, 605, 682, 
70 : 602, 603, 604, 682, 
71 : 600, 601, 683, 
72 : 598, 599, 684, 
73 : 596, 597, 685, 
74 : 594, 595, 686, 
75 : 592, 593, 686, 
76 : 589, 590, 591, 687, 
77 : 586, 587, 688, 
78 : 583, 584, 
79 : 580, 581, 582, 690, 
80 : 578, 579, 691, 
81 : 576, 577, 
82 : 573, 574, 575, 692, 
83 : 571, 572, 573, 
84 : 569, 570, 693, 
85 : 567, 568, 569, 693, 694, 
86 : 565, 694, 
87 : 563, 564, 695, 
88 : 560, 561, 562, 696, 
89 : 558, 559, 560, 697, 
90 : 557, 697, 698, 
91 : 554, 555, 556, 698, 699, 
92 : 552, 553, 699, 
93 : 549, 550, 551, 699, 700, 
94 : 546, 547, 548, 700, 701, 
95 : 545, 546, 701, 
96 : 542, 543, 544, 702, 
97 : 540, 541, 542, 703, 
98 : 538, 539, 703, 704, 
99 : 536, 537, 538, 704, 705, 
100 : 535, 705, 
101 : 533, 534, 706, 
102 : 531, 532, 
103 : 203, 530, 531, 
104 : 203, 528, 529, 
105 : 203, 204, 527, 528, 
106 : 203, 332, 525, 526, 
107 : 203, 333, 523, 524, 
108 : 203, 333, 522, 
109 : 203, 333, 
110 : 204, 333, 516, 517, 
111 : 204, 333, 515, 
112 : 204, 333, 513, 514, 
113 : 204, 334, 512, 
114 : 204, 334, 510, 511, 
115 : 204, 334, 508, 509, 
116 : 204, 334, 506, 507, 
117 : 204, 335, 505, 
118 : 204, 335, 503, 504, 
119 : 204, 335, 502, 
120 : 335, 500, 501, 
121 : 205, 335, 499, 500, 
122 : 205, 335, 497, 498, 
123 : 205, 335, 495, 496, 
124 : 205, 336, 494, 495, 
125 : 205, 336, 492, 493, 
126 : 205, 336, 490, 491, 492, 
127 : 205, 489, 
128 : 205, 337, 487, 488, 
129 : 205, 337, 485, 486, 
130 : 205, 337, 483, 484, 485, 
131 : 205, 337, 481, 482, 483, 
132 : 205, 337, 363, 364, 365, 366, 367, 368, 369, 370, 371, 372, 373, 374, 375, 376, 377, 378, 480, 481, 
133 : 205, 337, 338, 346, 348, 349, 350, 351, 352, 353, 354, 355, 356, 357, 358, 359, 360, 361, 362, 379, 380, 479, 
134 : 205, 334, 335, 336, 337, 339, 340, 341, 342, 343, 344, 381, 382, 383, 476, 477, 478, 
135 : 205, 206, 331, 332, 333, 385, 386, 475, 476, 
136 : 205, 327, 328, 329, 330, 387, 388, 389, 473, 474, 
137 : 324, 325, 326, 391, 392, 471, 472, 
138 : 206, 319, 320, 321, 322, 323, 393, 394, 395, 470, 471, 
139 : 206, 316, 317, 318, 396, 397, 398, 469, 
140 : 206, 312, 313, 314, 315, 399, 400, 401, 469, 
141 : 208, 307, 308, 404, 405, 467, 
142 : 211, 301, 302, 303, 466, 
143 : 212, 213, 214, 297, 298, 299, 300, 301, 408, 409, 465, 
144 : 215, 216, 294, 295, 296, 409, 410, 464, 465, 
145 : 216, 217, 289, 290, 291, 292, 293, 410, 463, 464, 
146 : 218, 219, 286, 287, 288, 411, 463, 
147 : 220, 221, 282, 283, 284, 285, 411, 412, 462, 
148 : 222, 223, 280, 412, 413, 461, 
149 : 224, 225, 226, 275, 276, 277, 278, 279, 413, 414, 460, 461, 
150 : 227, 228, 272, 273, 274, 414, 460, 
151 : 228, 229, 230, 267, 268, 269, 270, 271, 414, 415, 459, 
152 : 231, 232, 265, 266, 416, 458, 
153 : 233, 234, 235, 236, 237, 238, 239, 240, 241, 242, 243, 244, 245, 246, 247, 248, 249, 250, 251, 252, 253, 254, 255, 256, 257, 258, 259, 260, 261, 262, 263, 416, 457, 
154 : 417, 456, 
155 : 418, 455, 456, 
156 : 418, 419, 454, 455, 
157 : 419, 420, 454, 
158 : 420, 453, 
159 : 421, 452, 453, 
160 : 422, 451, 
161 : 422, 423, 450, 451, 
162 : 423, 450, 
163 : 424, 449, 
164 : 425, 448, 
165 : 426, 447, 
166 : 426, 427, 446, 
167 : 427, 445, 446, 
168 : 428, 444, 445, 
169 : 428, 429, 444, 
170 : 429, 430, 443, 
171 : 430, 443, 
172 : 431, 442, 
173 : 432, 441, 
174 : 433, 434, 440, 
175 : 434, 
176 : 435, 439, 
177 : 436, 
178 : 436, 438, 
179 : 437, 438, 
180 : 437, 
181 : 438, 
182 : 438, 
183 : 438, 
184 : 438, 
185 : 438, 
186 : 438, 
187 : 438, 
199 : 440, 
200 : 440, 
201 : 440, 
203 : 441, 
204 : 441, 
205 : 441, 
206 : 441, 
207 : 441, 
208 : 442, 
209 : 442, 
210 : 442, 
211 : 442, 
212 : 443, 
213 : 443, 
214 : 443, 
215 : 443, 
216 : 443, 
217 : 443, 
218 : 443, 
219 : 444, 
220 : 444, 
221 : 444, 
222 : 444, 
223 : 445, 
224 : 445, 
225 : 445, 
226 : 445, 
227 : 445, 
228 : 445, 
229 : 445, 446, 
230 : 446, 
231 : 446, 
232 : 446, 
233 : 446, 447, 
234 : 447, 
235 : 447, 
236 : 447, 
237 : 447, 
238 : 447, 
239 : 447, 448, 
240 : 448, 
241 : 448, 
242 : 448, 
243 : 449, 
244 : 449, 
245 : 449, 
246 : 444, 445, 446, 447, 448, 449, 450, 451, 452, 453, 454, 455, 
247 : 431, 432, 433, 434, 435, 436, 437, 438, 439, 440, 441, 442, 443, 457, 458, 459, 460, 461, 
248 : 411, 412, 413, 414, 415, 416, 417, 418, 419, 420, 421, 422, 423, 424, 425, 426, 427, 428, 429, 463, 464, 465, 466, 467, 468, 469, 470, 
249 : 407, 408, 409, 472, 473, 474, 475, 
250 : 402, 403, 404, 405, 406, 407, 476, 477, 478, 479, 480, 
251 : 399, 400, 401, 481, 482, 483, 484, 
252 : 393, 394, 395, 396, 397, 398, 484, 485, 486, 487, 488, 489, 
253 : 390, 391, 392, 490, 491, 492, 493, 
254 : 387, 388, 389, 494, 495, 496, 497, 498, 
255 : 385, 386, 499, 500, 501, 
256 : 382, 383, 384, 502, 503, 504, 505, 506, 
257 : 380, 381, 507, 508, 509, 510, 
258 : 377, 378, 379, 511, 512, 513, 514, 515, 
259 : 375, 376, 516, 517, 518, 519, 
260 : 373, 374, 519, 520, 521, 522, 523, 524, 525, 
261 : 371, 372, 525, 526, 527, 528, 
262 : 368, 369, 370, 529, 530, 531, 532, 533, 
263 : 366, 367, 534, 535, 536, 
264 : 364, 365, 536, 537, 538, 539, 540, 541, 
265 : 362, 363, 542, 543, 544, 545, 
266 : 360, 361, 362, 545, 546, 547, 548, 549, 550, 
267 : 359, 551, 552, 553, 554, 
268 : 356, 357, 358, 554, 555, 556, 557, 558, 559, 560, 
269 : 354, 563, 564, 
270 : 351, 352, 568, 569, 570, 571, 572, 573, 574, 575, 576, 577, 578, 579, 580, 581, 582, 583, 584, 585, 
271 : 349, 350, 351, 588, 589, 590, 591, 592, 593, 594, 595, 596, 597, 598, 599, 600, 601, 602, 603, 604, 605, 606, 607, 608, 
272 : 348, 349, 609, 610, 
273 : 346, 347, 611, 612, 613, 614, 
274 : 345, 615, 616, 617, 
275 : 343, 344, 618, 619, 620, 
276 : 342, 621, 622, 623, 
277 : 339, 340, 341, 401, 402, 403, 404, 405, 406, 407, 408, 409, 410, 411, 412, 413, 414, 415, 416, 417, 418, 419, 420, 421, 623, 624, 625, 626, 627, 
278 : 338, 339, 399, 400, 425, 426, 427, 428, 429, 430, 431, 432, 433, 627, 628, 
279 : 336, 337, 395, 396, 397, 398, 434, 435, 436, 437, 438, 630, 631, 
280 : 334, 335, 393, 394, 440, 441, 442, 632, 633, 634, 
281 : 332, 333, 389, 390, 391, 443, 444, 445, 446, 447, 448, 635, 636, 637, 638, 
282 : 330, 331, 332, 386, 387, 388, 449, 450, 451, 452, 639, 640, 
283 : 329, 330, 382, 383, 384, 385, 453, 454, 455, 456, 457, 458, 459, 641, 642, 643, 644, 
284 : 327, 328, 380, 381, 460, 461, 644, 645, 646, 
285 : 325, 326, 376, 377, 378, 379, 462, 463, 464, 465, 647, 648, 649, 650, 
286 : 323, 324, 374, 375, 466, 467, 468, 651, 
287 : 321, 322, 323, 370, 371, 372, 373, 374, 469, 470, 471, 653, 
288 : 320, 321, 369, 472, 473, 654, 655, 
289 : 317, 318, 319, 365, 366, 367, 368, 474, 475, 476, 477, 478, 656, 657, 
290 : 316, 317, 363, 364, 478, 479, 480, 658, 
291 : 314, 315, 360, 361, 362, 481, 482, 483, 484, 659, 
292 : 313, 314, 358, 359, 485, 486, 487, 660, 
293 : 312, 355, 356, 357, 488, 489, 490, 491, 661, 662, 
294 : 310, 311, 353, 492, 493, 663, 
295 : 308, 309, 350, 351, 352, 494, 495, 496, 497, 498, 664, 665, 
296 : 306, 307, 347, 348, 499, 500, 666, 
297 : 304, 305, 306, 345, 346, 501, 502, 503, 668, 
298 : 303, 343, 504, 505, 506, 669, 670, 
299 : 301, 302, 338, 339, 340, 341, 342, 507, 508, 671, 672, 
300 : 299, 300, 335, 336, 337, 338, 507, 508, 673, 
301 : 297, 298, 299, 329, 330, 331, 505, 675, 
302 : 302, 303, 304, 305, 306, 307, 308, 309, 321, 322, 323, 324, 325, 326, 503, 677, 678, 
303 : 310, 311, 312, 318, 319, 320, 459, 460, 461, 462, 463, 464, 465, 466, 467, 468, 469, 470, 502, 679, 680, 
304 : 313, 314, 315, 316, 317, 452, 453, 454, 455, 456, 457, 458, 476, 477, 478, 479, 480, 481, 482, 483, 484, 485, 486, 487, 488, 489, 490, 491, 492, 493, 494, 495, 496, 497, 498, 499, 500, 501, 680, 681, 682, 
305 : 448, 449, 450, 451, 683, 684, 
306 : 441, 442, 443, 444, 445, 446, 447, 684, 685, 686, 
307 : 427, 428, 429, 430, 431, 432, 433, 434, 435, 436, 437, 438, 439, 440, 687, 
308 : 413, 414, 415, 416, 417, 418, 419, 420, 421, 422, 423, 424, 425, 688, 689, 
309 : 412, 690, 691, 
310 : 410, 411, 692, 
311 : 408, 409, 693, 
312 : 407, 694, 695, 696, 
313 : 406, 696, 697, 
314 : 403, 404, 405, 698, 699, 700, 
315 : 402, 403, 700, 701, 
316 : 400, 401, 702, 703, 704, 
317 : 398, 399, 705, 
318 : 398, 706, 707, 708, 
319 : 397, 709, 
320 : 396, 710, 711, 712, 
321 : 395, 396, 712, 713, 
322 : 394, 395, 714, 715, 716, 
323 : 394, 716, 717, 
324 : 393, 718, 719, 720, 
325 : 392, 720, 721, 
326 : 391, 722, 723, 
327 : 390, 724, 
328 : 389, 725, 726, 727, 
329 : 389, 727, 728, 
330 : 387, 388, 598, 599, 600, 601, 602, 603, 604, 605, 606, 607, 608, 609, 610, 729, 730, 
331 : 386, 387, 596, 597, 611, 612, 613, 614, 615, 616, 617, 618, 619, 620, 621, 731, 
332 : 385, 386, 591, 592, 593, 594, 595, 622, 623, 624, 625, 626, 627, 628, 629, 732, 733, 
333 : 385, 586, 631, 
334 : 384, 580, 581, 582, 635, 636, 737, 
335 : 383, 384, 578, 579, 637, 638, 639, 738, 739, 
336 : 383, 576, 577, 640, 641, 739, 740, 
337 : 383, 573, 574, 575, 642, 643, 644, 741, 742, 
338 : 382, 572, 573, 644, 645, 646, 743, 
339 : 381, 382, 569, 570, 571, 647, 648, 649, 744, 745, 
340 : 381, 567, 568, 650, 651, 745, 746, 
341 : 381, 566, 567, 651, 652, 653, 654, 747, 748, 
342 : 380, 564, 655, 656, 749, 
343 : 379, 380, 563, 657, 658, 659, 750, 751, 
344 : 379, 562, 563, 660, 752, 
345 : 379, 562, 661, 662, 663, 753, 754, 
346 : 378, 562, 664, 665, 
347 : 377, 378, 562, 666, 667, 668, 755, 756, 
348 : 377, 561, 669, 670, 671, 757, 
349 : 377, 560, 672, 673, 674, 675, 676, 758, 759, 
350 : 376, 560, 677, 678, 679, 759, 
351 : 376, 493, 494, 560, 680, 681, 682, 683, 684, 685, 760, 
352 : 376, 493, 494, 495, 496, 497, 498, 499, 500, 501, 559, 686, 687, 688, 689, 690, 761, 
353 : 502, 503, 504, 505, 506, 507, 508, 509, 510, 511, 512, 513, 514, 515, 559, 691, 692, 693, 694, 695, 696, 761, 762, 
354 : 516, 517, 518, 519, 520, 521, 522, 523, 524, 525, 558, 697, 698, 699, 700, 762, 
355 : 525, 526, 527, 528, 529, 530, 531, 532, 533, 534, 535, 536, 537, 538, 539, 558, 701, 702, 703, 704, 705, 706, 707, 708, 763, 
356 : 538, 540, 541, 542, 543, 544, 545, 546, 547, 557, 558, 709, 710, 711, 712, 763, 764, 
357 : 548, 549, 550, 551, 552, 553, 554, 555, 556, 557, 713, 714, 715, 764, 765, 
358 : 557, 715, 716, 717, 765, 
359 : 374, 557, 558, 717, 718, 719, 766, 
360 : 374, 557, 558, 720, 721, 766, 767, 
361 : 374, 556, 558, 722, 723, 767, 
362 : 374, 556, 558, 724, 768, 
363 : 374, 556, 558, 559, 726, 727, 769, 
364 : 373, 556, 559, 728, 729, 769, 
365 : 373, 556, 559, 732, 771, 
366 : 372, 555, 556, 560, 735, 736, 771, 772, 
367 : 372, 554, 555, 560, 737, 738, 772, 
368 : 372, 553, 554, 560, 739, 740, 773, 
369 : 372, 553, 560, 741, 774, 
370 : 371, 552, 561, 742, 743, 774, 
371 : 371, 551, 561, 743, 744, 774, 
372 : 370, 550, 561, 744, 745, 746, 774, 
373 : 370, 549, 746, 
374 : 370, 548, 747, 748, 773, 
375 : 370, 547, 561, 748, 749, 773, 
376 : 370, 547, 561, 750, 773, 
377 : 370, 547, 561, 751, 773, 
378 : 370, 547, 561, 752, 753, 773, 
379 : 370, 547, 561, 753, 754, 773, 
380 : 547, 561, 754, 755, 
381 : 371, 547, 560, 772, 
382 : 371, 560, 756, 757, 772, 
383 : 371, 560, 758, 772, 
384 : 371, 546, 560, 759, 
385 : 371, 546, 560, 760, 761, 771, 
386 : 372, 546, 560, 761, 762, 771, 
387 : 372, 546, 560, 762, 763, 771, 
388 : 372, 546, 560, 764, 771, 
389 : 372, 546, 561, 765, 771, 
390 : 372, 546, 561, 766, 767, 771, 
391 : 372, 546, 561, 768, 
392 : 372, 546, 562, 769, 770, 
393 : 372, 546, 562, 
394 : 372, 546, 562, 
395 : 546, 562, 
396 : 373, 546, 562, 
397 : 373, 545, 546, 563, 
398 : 373, 545, 563, 
399 : 545, 
400 : 545, 564, 
401 : 374, 545, 564, 
402 : 374, 545, 
403 : 374, 545, 565, 
404 : 374, 545, 566, 
405 : 374, 545, 567, 
406 : 374, 544, 568, 
407 : 374, 544, 569, 570, 
408 : 374, 544, 570, 571, 
409 : 374, 544, 571, 572, 
410 : 544, 572, 573, 
411 : 544, 573, 574, 
412 : 544, 574, 575, 
413 : 544, 575, 
414 : 544, 575, 
415 : 544, 575, 
416 : 544, 575, 
417 : 544, 575, 
418 : 544, 575, 
419 : 544, 576, 
420 : 544, 576, 
421 : 544, 576, 
422 : 543, 576, 
423 : 543, 
424 : 543, 
425 : 376, 543, 577, 
426 : 376, 543, 577, 
427 : 376, 543, 577, 
428 : 376, 543, 577, 
429 : 377, 543, 577, 
430 : 377, 542, 577, 
431 : 377, 501, 542, 
432 : 377, 502, 542, 578, 
433 : 377, 503, 504, 542, 
434 : 377, 505, 506, 542, 
435 : 377, 507, 542, 
436 : 377, 508, 509, 510, 542, 
437 : 377, 510, 511, 542, 
438 : 378, 512, 513, 514, 542, 
439 : 379, 514, 515, 541, 
440 : 380, 381, 516, 517, 541, 
441 : 518, 519, 541, 
442 : 383, 520, 521, 541, 
443 : 384, 522, 523, 
444 : 385, 386, 523, 524, 525, 540, 
445 : 386, 387, 526, 527, 540, 
446 : 388, 389, 527, 528, 529, 540, 
447 : 389, 530, 531, 540, 
448 : 390, 391, 531, 532, 533, 540, 
449 : 392, 540, 
450 : 393, 535, 536, 540, 
451 : 394, 395, 536, 537, 540, 
452 : 395, 396, 538, 539, 
453 : 397, 539, 
454 : 398, 399, 538, 
455 : 399, 538, 
456 : 401, 538, 
457 : 402, 494, 538, 
458 : 403, 404, 495, 496, 537, 
459 : 404, 405, 497, 537, 
460 : 405, 406, 498, 499, 536, 
461 : 536, 
462 : 502, 535, 
463 : 408, 503, 504, 535, 
464 : 408, 504, 505, 
465 : 408, 409, 506, 507, 
466 : 409, 508, 509, 534, 
467 : 410, 509, 510, 511, 512, 
468 : 410, 513, 514, 
469 : 410, 515, 516, 517, 533, 
470 : 411, 518, 519, 533, 
471 : 411, 520, 521, 522, 523, 532, 533, 
472 : 412, 444, 524, 525, 531, 532, 
473 : 412, 444, 526, 527, 528, 530, 531, 
474 : 412, 445, 529, 530, 
475 : 413, 445, 529, 
476 : 413, 445, 529, 
477 : 414, 445, 529, 
478 : 414, 445, 528, 529, 
479 : 414, 415, 445, 528, 
480 : 415, 445, 528, 
481 : 416, 445, 527, 528, 
482 : 416, 445, 527, 
483 : 416, 445, 527, 
484 : 417, 446, 527, 
485 : 417, 447, 448, 449, 450, 451, 452, 453, 454, 455, 456, 457, 458, 459, 527, 
486 : 418, 456, 459, 460, 461, 462, 463, 464, 527, 
487 : 418, 466, 467, 468, 469, 470, 471, 472, 473, 474, 526, 
488 : 418, 419, 477, 478, 526, 
489 : 419, 480, 481, 482, 526, 
490 : 420, 482, 483, 525, 
491 : 420, 484, 485, 486, 525, 
492 : 421, 489, 525, 
493 : 421, 492, 493, 525, 
494 : 422, 494, 495, 496, 525, 
495 : 422, 497, 498, 524, 
496 : 422, 499, 500, 501, 524, 
497 : 423, 502, 524, 
498 : 424, 503, 504, 505, 523, 
499 : 424, 506, 507, 523, 
500 : 424, 509, 510, 521, 522, 
501 : 511, 512, 521, 
502 : 425, 513, 514, 515, 520, 
503 : 426, 516, 517, 518, 519, 
504 : 426, 518, 
505 : 426, 517, 
506 : 427, 428, 429, 430, 464, 465, 466, 467, 468, 469, 516, 517, 
507 : 430, 431, 432, 460, 461, 462, 463, 464, 470, 471, 472, 473, 515, 516, 
508 : 433, 434, 435, 436, 453, 454, 455, 456, 457, 458, 459, 475, 476, 477, 478, 479, 480, 514, 515, 
509 : 437, 438, 449, 450, 451, 452, 478, 480, 481, 513, 514, 
510 : 439, 440, 441, 442, 443, 444, 445, 446, 447, 448, 482, 512, 513, 
511 : 443, 444, 483, 484, 511, 512, 
512 : 484, 485, 506, 507, 508, 509, 510, 
513 : 486, 503, 504, 505, 506, 
514 : 487, 488, 489, 490, 491, 492, 493, 494, 495, 496, 497, 498, 499, 500, 501, 502, 
