Crusher 1 : Crusher 2 Intersection : [1,2,3,4,5]
Left Lane (Blue)                76Right Lane (Red)
1, 212.0, 227.5                 223.5, 227.5
2  218.4, 323.6             	226.4, 317.3
3, 287.1, 360.6					291.6, 349.6
4, 370.9, 358.2					368.9, 346.4
5, 530.9, 313.3					540.4, 300.7

Crusher 2 Intersection : Y Intersection : [6, 5, 7, 8, 9]
6, 516.8, 240.9					526.9, 230.3
5
7, 634.2, 312.5					638.7, 302.3
8, 707.4, 337.0  				714.9, 328.3
9, 758.1, 407.9					770.6, 409.4

Waste Dump : Y Intersection : [11,12,13,14,15,9]
11, 1419.7, 218.0				1413.1, 224.3
12, 1329.4, 99.5				1325.9, 112.5
13, 1182.4, 133.7				1185.4, 143.2
14, 1012.4, 207.0				1014.9, 215.7
15, 844.4, 309.4				848.9, 320.4
9

Y Intersection : Ring Road Intersection : [9,10]
9
10, 787.2, 582.0				797.2, 574.1

Ring Road Intersection : Load 1 & 2 Intersection : [10,18,19,20,21,22,23,24,25,26,27,28,29,30,31,32]
10
18, 1069.1, 630.0				1072.1, 619.0
19, 1172.9, 638.7				1174.9, 628.4
20, 1278.2, 673.3				1277.7, 661.5
21, 1358.0, 723.0				1359.0, 711.9
22, 1460.8, 771.0				1463.8, 760.8
23, 1526.5, 817.5				1529.0, 808.0
24, 1562.1, 867.1				1569.6, 862.4
25, 1555.6, 896.3				1562.6, 912.8
26, 1495.9, 849.0				1494.4, 858.5
27, 1425.7, 819.9				1422.2, 829.3
28, 1344.4, 804.1				1343.9, 815.1
29, 1222.0, 757.6				1221.0, 768.6
30, 1160.8, 757.6				1160.3, 767.9
31, 1064.0, 789.1				1068.6, 799.4
32, 1051.0, 821.4				1060.5, 834.8

Load 1 & 2 Intersection : Load 3 Intersection : [32, 39, 40]
32
39, 1020.9, 875.8				1029.9, 878.9
40, 1008.4, 1034.1				1016.9, 1051.4

Load 3 Intersection : Load 5 Intersection : [40, 42, 44]
40
42,	983.3, 11001.1				992.3, 1108.2
44	958.7, 1163.3				966.2, 1178.3

Load 5 Intersection : Ring Road Entry : [44,47,48,49,50,51,53,54,55,56,57,58,59,60,61,62,63,64,65,66,67,68,69,70,71,72,73,74,10]
44
47,	941.7, 1185.4				947.2, 1198.0
48,	920.1, 1190.1				923.1, 12.01.9
49,	894.5, 1187.7				890.5, 1201.1
50,	870.9, 1175.9				869.9, 1186.9
51,	849.4, 1172.0				848.9, 1183.8
52,	796.7, 1183.0				796.7, 1193.2
53, 759.1, 1175.1				753.1, 1184.6
54, 713.4, 1065.6				708.4, 1076.7
55, 645.7, 1016.8				637.2, 1023.1
56, 622.7, 871.1				612.6, 872.6
57, 643.2, 812.8				635.7, 808.8
58, 664.3, 778.1				655.8, 771.8
59, 689.9, 748.2				682.8, 738.7
60, 727.0, 722.2				725.5, 712.7
61, 789.2, 723.0				789.2, 713.5
62, 831.8, 717.4				831.3, 706.4
63, 909.1, 718.2				908.6, 707.2
64, 930.1, 717.4				928.1, 708.0
65, 956.7, 687.5				943.2, 692.2
66, 821.8, 647.3				820.8, 656.8
67, 743.5, 630.8				743.0, 642.6
68, 693.9, 631.6				695.9, 643.4
69, 556.9, 680.4				560.5, 690.7
70, 489.7, 695.4				490.2, 707.2
71, 477.2, 694.6				448.6, 699.3
72, 608.1, 619.8				603.1, 608.0
73, 672.8, 593.8				671.3, 584.3
74, 742.0, 585.1				742.5, 575.7